rotation:
  w: 0.9572929784688379
  x: -0.007320665939338555
  y: -0.03431510260901984
  z: -0.2869826387734947
translation:
  x: -0.00974839842426959
  y: 0.2034495132237746
  z: 0.45082955189897256
