rotation:
  w: 0.9982079055874344
  x: 0.012407263472646316
  y: -0.009662043052457327
  z: -0.05773804603483201
translation:
  x: -0.23506911319135382
  y: 0.11155441118571446
  z: 0.4095309387095456
