rotation:
  w: 0.9998285020220441
  x: 0.013387064771526251
  y: -0.00985811345917612
  z: 0.008159083293131253
translation:
  x: 0.029343189751227232
  y: -0.07255302089794183
  z: 0.03634500414770142
