rotation:
  w: 0.9557782471774234
  x: 0.008266006754161356
  y: 0.020127523189655154
  z: 0.2932822840968103
translation:
  x: -0.42529964592470215
  y: -0.21657484585285897
  z: 0.26279647407075013
