rotation:
  w: 0.985824727337648
  x: 0.029051085785301037
  y: -0.1614163666407308
  z: 0.03536096668435764
translation:
  x: -0.12069819693997158
  y: 0.014309570588352959
  z: 0.23765389794118807
