rotation:
  w: 0.12613548246347503
  x: -0.1902630168916885
  y: -0.18750112492929868
  z: 0.9553706885901551
translation:
  x: 0.6952393334655271
  y: 0.3665243736224029
  z: 0.22255975700522707
